0.6140448903894622	0.12025060630557802	0.12025060630557802	0.14545389699938183
0.6199462423585507	0.11704451970981883	0.11880716639146963	0.14420207154016074
0.6128249920551609	0.12107446501056379	0.12047738842936488	0.1456231545049102
0.6181876319792805	0.11962062992222888	0.11771945395250605	0.14447228414598443
0.6216038177326432	0.11751870016825451	0.11713834188591221	0.14373914021318995
0.6223811493541119	0.1174750613858711	0.11655107336253726	0.14359271589747963
0.6247813395460012	0.1173643063468096	0.116599475605962	0.14125487850122712
0.6233611608756013	0.1199972924776881	0.11512504629492906	0.1415165003517813
0.627560142838421	0.11912497743158793	0.1149403378324449	0.13837454189754597
0.6261750233490458	0.11924033824316396	0.11548456417107447	0.13910007423671553
0.6261849831271562	0.11874922237049534	0.11563873241466949	0.13942706208767872
0.6238192562240394	0.11961990361838874	0.11634605663137998	0.1402147835261917
0.6247090316851613	0.1192757545675599	0.11578574298429736	0.14022947076298134
0.6254863648144162	0.11856572950102617	0.1157056037341218	0.14024230195043555
0.6255383742378031	0.11848088539613891	0.11556913463022167	0.14041160573583614
0.626348081796537	0.11835700625663907	0.11566402211189132	0.13963088983493235
0.6256200470239398	0.11952802149913413	0.11502568045075998	0.1398262510261659
0.627560142838421	0.11912497743158795	0.11494033783244492	0.13837454189754597
0.6268301776118255	0.119185773183585	0.11522714796373276	0.13875690124085666
0.6268043065327167	0.11891844918988669	0.11532420014067613	0.13895304413672055
0.6254177494560401	0.1194084200206503	0.11574538833591355	0.13942844218739586
0.6258788655885444	0.11921388949249494	0.1154388664314134	0.13946837848754715
0.6263047046263241	0.11878641601665527	0.1154036198444342	0.13950525951258644
0.6263040905198334	0.1187248261510396	0.11533098673040813	0.13964009659871884
0.6267850780783104	0.11863389045336245	0.11540310510493573	0.13917792636339135
0.626298669672521	0.11938704143486543	0.11499582860878109	0.13931846028383255
0.627560142838421	0.11912497743158794	0.11494033783244491	0.13837454189754594
0.6270645774463477	0.11916625100131037	0.11513505008719874	0.13863412146514323
0.6270390074990703	0.11898257997791681	0.11520500388877783	0.13877340863423493
0.6260591350514741	0.11932356352545569	0.11550437387014456	0.13911292755292573
0.6263680080911618	0.1191880218564533	0.1152938269820641	0.13915014307032095
0.6266599374102696	0.11888221373318496	0.11527253178507374	0.13918531707147175
0.6266491254713812	0.1188347468730132	0.11522367629310695	0.13929245136249888
0.6269904684024933	0.1187640273384987	0.11528047287468898	0.13896503138431915
0.6266255716564617	0.11931912937386674	0.11498144856062392	0.13907385040904785
0.6275601428384213	0.119124977431588	0.11494033783244498	0.138374541897546
0.6271850302194525	0.11915621899340886	0.11508772307159655	0.13857102771554222
0.627162486918974	0.11901632007122348	0.11514229309440939	0.1386788999153932
0.6264049688194759	0.11927780908120014	0.11537441937563579	0.13894280272368836
0.6266366767544751	0.11917381367956993	0.11521416194625986	0.13897534761969535
0.6268584773238529	0.11893575516072451	0.11519926655406626	0.13900650096135678
0.6268454500808881	0.11889729167527563	0.11516261674072048	0.13909464150311607
0.6271098064720779	0.11883964085493716	0.11520921979261359	0.1388413328803717
0.6268179148655249	0.11927917114666632	0.11497298760062698	0.1389299263871822
0.6275601428384213	0.11912497743158798	0.11494033783244494	0.13837454189754606
0.6272583776590827	0.11915011019180177	0.11505890417992412	0.13853260796919184
0.6272386600464888	0.11903713397229146	0.11510360747910844	0.13862059850211148
0.626621283089966	0.11924919030493665	0.11529313462475972	0.1388363919803379
0.6268065191826853	0.11916483179373129	0.1151638006463689	0.13886484837721508
0.6269852661304444	0.1189699470447565	0.11515247892816043	0.13889230789663906
0.6269721605095651	0.11893765889528997	0.11512320812008389	0.13896697247506173
0.6271878054520573	0.11888906160705262	0.11516264900642917	0.13876048393446122
0.6269445992980787	0.11925285316349757	0.11496741489587023	0.1388351326425541
0.6275601428384217	0.11912497743158804	0.114940337832445	0.138374541897546
0.6273077325633816	0.11914599962815814	0.11503951217868094	0.1385067556297799
0.6272903418711065	0.11905125575538866	0.11507736012324389	0.13858104225026163
0.626769362197272	0.11922959916639697	0.11523749070760148	0.1387635479287303
0.6269235925158054	0.11915864052972311	0.11512908632144649	0.13878868063302563
0.6270732467588027	0.11899367329885371	0.11512001230246027	0.1388130676398838
0.6270607072302868	0.11896586797795383	0.11509566891780985	0.1388777558739499
0.6272427742073124	0.11892389023209698	0.11512982885739029	0.13870350670320056
0.6270343434237594	0.11923420932272298	0.11496346715338931	0.1387679801001288
0.6275601428384213	0.11912497743158801	0.11494033783244496	0.13837454189754608
0.6273432124050345	0.11914304466047552	0.11502557181868601	0.13848817111580458
0.6273277082388056	0.11906146591618855	0.11505838307749065	0.13855244276751558
0.6268770941923104	0.11921534602509724	0.11519700808776212	0.1387105516948309
0.6270091826452316	0.11915411421212659	0.11510370732621429	0.13873299581642787
0.627137872162614	0.11901110121202714	0.11509616422549811	0.13875486239986123
0.6271260752811336	0.1189866928344237	0.11507533858869287	0.13881189329575064
0.6272836005772375	0.11894975813329745	0.11510545269061256	0.1386611885988526
0.6271012486186545	0.11922031014223441	0.11496052406961547	0.1387179171694961
0.6275601428384213	0.11912497743158806	0.11494033783244502	0.13837454189754606
0.6273699471103265	0.11914081803864009	0.115015067504158	0.13847416734687612
0.6273559835002842	0.1190691919806721	0.11504402308041833	0.13853080143862564
0.6269589919758138	0.11920451079754961	0.11516623322989292	0.13867026399674404
0.6270744840060828	0.1191506608384646	0.11508434431161449	0.13869051084383877
0.62718735239822	0.11902444483851266	0.11507790502095552	0.13871029774231242
0.6271763124736593	0.11900269732454151	0.11505971415680674	0.1387612760449926
0.6273151203265985	0.11896972928830919	0.11508663322004414	0.13862851716504812
0.6271530491390397	0.11920954887349641	0.11495824542337192	0.13867915656409247
0.6275601428384211	0.11912497743158794	0.11494033783244491	0.13837454189754597
0.6273908152031765	0.11913908002242868	0.11500686823625825	0.13846323653813639
0.6273781255805453	0.11907524218607952	0.11503277790739101	0.13851385432598468
0.6270233532451694	0.11919599568311189	0.1151420480953025	0.13863860297641667
0.6271259462179518	0.11914793932937581	0.11506908485075813	0.13865702960191434
0.6272264530302827	0.1190349893361937	0.11506347609939034	0.1386750815341333
0.6272161274041125	0.11901538150590077	0.11504733118638918	0.1387211599035979
0.6273401901109156	0.11898561369598491	0.11507166482474719	0.1386025313683526
0.6271943412531255	0.11920097066746427	0.11495642903002391	0.13864825904938666
0.6275601428384213	0.11912497743158788	0.11494033783244488	0.13837454189754603
0.6274075567972534	0.1191376856850487	0.11500029030813236	0.13845446720956597
0.6273959347518767	0.11908010844721753	0.11502373326430718	0.138500223536599
0.6270752658369001	0.11918912755164443	0.11512254081972324	0.1386130657917324
0.6271675471172582	0.11914573932239121	0.11505674944441836	0.13862996411593223
0.6272581300519281	0.11904353186514122	0.11505178663974183	0.1386465514431894
0.6272484585800906	0.11902568152388396	0.11503727576267898	0.13868858413334717
0.6273606059743712	0.11899854934369902	0.11505947514211275	0.13858136953981742
0.6272280281369186	0.11919397240554035	0.1149549471821459	0.13862305227539506
0.6275601428384211	0.11912497743158798	0.11494033783244499	0.13837454189754606
0.6274212857387454	0.1191365422589075	0.11499489607924503	0.13844727592310163
0.627410569502439	0.11908410731480126	0.11501630079633897	0.13848902238642094
0.6271180229770329	0.11918347070328045	0.11510647390247375	0.13859203241721338
0.6272018733471896	0.11914392402640327	0.1150465711068976	0.13860763151951028
0.6272843143270032	0.11905059313277944	0.11504212411432031	0.13862296842589683
0.6272752347442171	0.11903421183444884	0.11502894802118838	0.138661605400146
0.6273775537684005	0.11900928759601809	0.11504935613680944	0.13856380249877176
0.6272560337246172	0.11918815440114316	0.11495371524805076	0.13860209662618908
0.6275601428384213	0.11912497743158794	0.11494033783244487	0.13837454189754603
0.627432748091487	0.1191355876074678	0.1149903924141736	0.13844127188687222
0.6274228091229814	0.11908745172587373	0.11501008472950312	0.13847965442164215
0.6271538504176329	0.11917873066692362	0.11509301096922801	0.13857440794621576
0.6272306796451596	0.11914240064451025	0.11503802952735166	0.138588890182979
0.6273063205252984	0.11905652767385068	0.11503400338346775	0.1386031484173831
0.6272977742950336	0.11904139245104327	0.115021937922519	0.13863889533140394
0.6273918480005105	0.11901834453114664	0.11504082149151763	0.13854898597682536
0.6272796834736373	0.11918324129789833	0.1149526749223675	0.1385844003060975
0.6275601428384202	0.11912497743158804	0.1149403378324451	0.13837454189754603
0.6274424623600208	0.11913477854665355	0.11498657558765626	0.13843618350566975
0.6274331971203382	0.11909029019078027	0.11500480903605843	0.13847170365282355
0.6271843065317518	0.11917470126694985	0.11508156642771339	0.13855942577358538
0.6272551983962154	0.11914110400370487	0.11503075928170159	0.13857293831837827
0.6273250747670726	0.11906158524065817	0.1150270826901367	0.1385862573021335
0.6273170090142198	0.11904752021928966	0.11501595567023433	0.1386195150962564
0.6274040666368798	0.11902608635289046	0.11503352612045023	0.13853632088977935
0.6272999202828883	0.11917903721382458	0.11495178472804052	0.13856925777524684
0.6275601428384217	0.11912497743158794	0.11494033783244499	0.13837454189754594
0.6274508001032721	0.11913408413087542	0.11498329961073384	0.13843181615511926
0.627442124120702	0.11909272944604603	0.11500027533089045	0.13846487110236164
0.6272105150076385	0.11917123383733509	0.11507171802784358	0.1385465331271827
0.6272763205381341	0.1191399869879546	0.1150244961910553	0.13855919628285665
0.6273412482910378	0.11906594685009923	0.1150211143337082	0.1385716905251553
0.6273336161046017	0.11905281088145694	0.11501079064529084	0.13860278236865164
0.6274146311576736	0.11903278011431533	0.1150272183707955	0.13852537035721535
0.6273174332234371	0.11917539899825778	0.11495101435361392	0.13855615342469133
0.6275601428384215	0.11912497743158787	0.11494033783244492	0.13837454189754594
0.6274580345463555	0.11913348160435558	0.1149804571307156	0.13842802671857354
0.6274498780918306	0.11909484817732605	0.11499633736544353	0.1384589363653999
0.6272333065298025	0.11916821847698895	0.11506315362200491	0.13853532137120345
0.6272947061538278	0.11913901468967208	0.11501904452909192	0.13854723462740884
0.6273553394935862	0.11906974690766245	0.11501591439586603	0.13855899920288645
0.6273480995753636	0.11905742500404314	0.11500628609415986	0.13858818932643327
0.627423856160755	0.11903862514704087	0.11502171040586898	0.13851580828633536
0.6273327375655829	0.11917221960667145	0.11495034113293037	0.1385447016948161
0.6275601428384214	0.11912497743158791	0.11494033783244492	0.13837454189754606
0.6274643710921401	0.11913295385994792	0.1149779674429027	0.1384247076050091
0.6274566759878559	0.1190967056661801	0.11499288495645028	0.13845373338951417
0.6272533084360218	0.11916557218796854	0.11505563747450144	0.13852548190150774
0.6273108546946693	0.11913816069605089	0.11501425619959904	0.1385367284096811
0.6273677261971311	0.1190730873029428	0.11501134345252119	0.13854784304740544
0.6273608422822805	0.11906148455667061	0.11500232294362825	0.13857535021742065
0.6274319812219252	0.11904377324813308	0.11501685918234542	0.13850738634759652
0.6273462263246393	0.11916941739232936	0.1149497477776914	0.13853460850533986
0.627560142838421	0.119124977431588	0.11494033783244487	0.13837454189754586
0.6274699671358728	0.11913248778886047	0.11497576870523792	0.13842177637002862
0.6274626843682954	0.11909834742410913	0.1149898335142701	0.13844913469332523
0.6272710033516313	0.1191632311180537	0.1150489882284586	0.13851677730185635
0.6273251510405248	0.11913740465324273	0.11501001707885294	0.1385274272273796
0.627378700032767	0.11907604668181482	0.11500729388592047	0.1385379593994975
0.6273721402675403	0.11906508385202033	0.11499880912065669	0.13856396675978355
0.6274391919998165	0.11904834205232553	0.11501255384917923	0.13849991209867837
0.6273582044890211	0.11916692899559223	0.11494922087180168	0.1385256456435842
0.627560142838421	0.11912497743158804	0.114940337832445	0.1383745418975458
0.6274749453165652	0.11913207317700268	0.1149738127317122	0.13841916877471996
0.6274680332272143	0.11909980897129704	0.11498711701955391	0.1384450407819351
0.6272867686416504	0.11916114534115714	0.11504306408083399	0.1385090219363586
0.6273378965705108	0.11913673062322262	0.11500623780258709	0.13851913500367988
0.6273884896923256	0.11907868671695178	0.11500368130416737	0.13852914228655497
0.6273822260461986	0.11906829696439308	0.1149956723099839	0.13855380467942405
0.6274456345957169	0.11905242413051427	0.11500870717379719	0.13849323409997202
0.6273689123585644	0.11916470449551166	0.1149487498447438	0.13851763330117992
0.6275601428384227	0.11912497743158783	0.11494033783244473	0.1383745418975459
0.6274794026087314	0.11913170194777245	0.11497206142013623	0.1384168340233597
0.6274728255053512	0.119101118435754	0.11498468319236996	0.13844137286652503
0.6273009036235322	0.11915927525702884	0.11503775255664148	0.13850206856279762
0.6273493306426229	0.11913612594786886	0.11500284739689962	0.13851169601260946
0.6273972770384533	0.11908105645232342	0.11500043859627898	0.13852122791294472
0.6273912847787813	0.11907118288195341	0.11499285492423666	0.13854467741502893
0.6274514255561203	0.1190560933274538	0.1150052495698795	0.1384872315465465
0.6273785418315979	0.11916270402628183	0.1149483262551275	0.1385104278869924
0.6275601428384214	0.11912497743158809	0.11494033783244498	0.13837454189754603
0.6274834167020876	0.1191313676307186	0.1149704842454979	0.13841473142169672
0.6274771437797328	0.11910229838121089	0.11498249009479157	0.13843806774426468
0.6273136487526535	0.1191575890529798	0.11503296329958909	0.13849579889477795
0.6273596457673298	0.1191355804465266	0.11499978877901289	0.13850498500713096
0.6274052085073764	0.11908319537825	0.11499751172433473	0.13851408439003918
0.6273994657426172	0.11907378916125134	0.11499031053618892	0.13853643455994274
0.6274566589862735	0.11905940926894953	0.11500212485008486	0.13848180689469178
0.6273872480070845	0.11916089536695974	0.11494794328032495	0.138503913345631
0.6275601428384215	0.11912497743158777	0.11494033783244471	0.13837454189754594
0.6274870505683371	0.1191310649811902	0.11496905646562765	0.13841282798484433
0.6274810550618063	0.11910336711818964	0.11498050369409349	0.13843507412590947
0.6273251994136366	0.1191560608792646	0.11502862288969204	0.1384901168174062
0.6273689985342648	0.11913508583816651	0.11499701551731742	0.13849890011025148
0.6274124033345512	0.11908513564965935	0.114994856688047	0.13850760432774156
0.6274068906226465	0.11907615456849432	0.11498800130021337	0.13852895350864466
0.6274614117034835	0.11906242062703669	0.11499928714916793	0.13847688052031087
0.6273951576021085	0.11915925219277883	0.11494759534619524	0.1384979948589174
0.6275601428384212	0.11912497743158776	0.11494033783244474	0.13837454189754608
0.6274903557889058	0.11913078970318715	0.11496775781370495	0.13841109669420223
0.6274846142999864	0.11910433966105034	0.11497869608393677	0.13843234995502654
0.6273357160076964	0.1191546695145075	0.1150246710527368	0.13848494342506087
0.6273775176169789	0.11913463531806281	0.11499448945781704	0.13849335760714157
0.6274189595901272	0.11908690371370459	0.11499243729755489	0.13850169939861345
0.6274136596050512	0.11907831102084676	0.11498589605708187	0.13852213331701999
0.6274657470327268	0.11906516752490495	0.11499669865773841	0.13847238678462997
0.627402375159945	0.11915775278545775	0.11494727785399778	0.13849259420060053
0.6275601428384201	0.11912497743158808	0.11494033783244498	0.13837454189754586
0.6274933750188505	0.11913053824414722	0.11496657153015952	0.13840951520684236
0.6274878669771501	0.11910522843774729	0.11497704416518895	0.13842986041991434
0.6273453314468421	0.11915339737420441	0.11502105784416797	0.13848021333478555
0.627385309728449	0.1191342232428445	0.11499217895821615	0.1384882880704891
0.6274249586756626	0.119088521522425	0.11499022351404087	0.13849629628787163
0.6274198559242918	0.11908028503501958	0.11498396891977468	0.13851589012091334
0.6274697176443141	0.1190676833348679	0.11499432792797697	0.13846827109284232
0.6274089876969223	0.11915637906783984	0.11494698697598259	0.13848764625925541
0.6275601428384215	0.11912497743158806	0.11494033783244505	0.138374541897546
0.6274961438377169	0.11913030764079942	0.11496548363545757	0.13840806488602547
0.6274908510646826	0.11910604382375996	0.11497552865353637	0.13842757645802073
0.6273541568007618	0.11915222976363156	0.11501774152715795	0.13847587190844818
0.6273924641143501	0.11913384489287579	0.11499005755558663	0.13848363343718761
0.6274304687211577	0.11909000744883785	0.11498819019616144	0.13849133363384325
0.6274255493029427	0.11908209882312712	0.11498219820364898	0.13851015367028133
0.6274733677042948	0.11906999604087595	0.11499214858969513	0.13846448766513308
0.6274150682277203	0.11915511587153418	0.11494671950031707	0.1384830964004287
0.627560142838421	0.11912497743158784	0.1149403378324449	0.1383745418975458
0.6274986921582076	0.11913009540183944	0.11496448237661983	0.13840673006333298
0.6274935985116517	0.11910679454899928	0.11497413332318876	0.1384254736161597
0.6273622856066101	0.11915115430765097	0.11501468695310277	0.1384718731326345
0.6273990559864648	0.1191334962906836	0.11498810294829612	0.13847934477455562
0.6274355471838355	0.11909137698777128	0.1149863161410432	0.1384867596873503
0.6274307985865742	0.11908377113210339	0.11498056560695251	0.13850486467436982
0.6274767345242703	0.11907212928384174	0.11499013836528944	0.13846099782659835
0.627420678472681	0.11915395037448386	0.1149464727119931	0.13847889844084163
0.6275601428384215	0.11912497743158791	0.11494033783244495	0.13837454189754614
0.6275010453111934	0.11912989941756495	0.11496355780091107	0.1384054974703305
0.6274961363932006	0.11910748801160427	0.11497284442364614	0.13842353117155023
0.6273697971971054	0.11915016051039788	0.11501186431102424	0.1384681779814708
0.6274051491768857	0.11913317406059451	0.11498629620899448	0.13847538055352449
0.627440242859287	0.11909264329821931	0.11498458334212859	0.1384825305003648
0.6274356537852068	0.11908531789406633	0.1149790555759076	0.1384999727448196
0.6274798498414481	0.11907410317270671	0.11498827830544954	0.13845776868039497
0.6274258709603516	0.11915287166417667	0.11494624430033916	0.13847501307513121
0.6275601428384213	0.1191249774315876	0.11494033783244478	0.13837454189754603
0.6275032248906274	0.11912971788950595	0.11496270142386626	0.13840435579600013
0.6274984878058146	0.11910813052256806	0.11497165022502435	0.1384217314465919
0.6273767592982358	0.11914923941160002	0.11500924815142143	0.13846475313874132
0.6274107982117848	0.11913287531906618	0.11498462116970269	0.1384717052994454
0.6274445974543588	0.11909381762751318	0.11498297640875112	0.13847860850937635
0.6274401576716133	0.11908675273550266	0.114977654807615	0.13849543478526796
0.6274827408222002	0.11907593492029038	0.11498655218997314	0.13845477206753473
0.6274306906771862	0.1191518703949289	0.11494603228645277	0.13847140664143262
0.6275601428384211	0.11912497743158815	0.11494033783244495	0.13837454189754597
0.627505249418141	0.11912954927507284	0.11496190596816354	0.1384032953386213
0.627500672572266	0.11910872749835537	0.11497054066004819	0.13842005926933032
0.6273832300770142	0.11914838331565375	0.11500681661678558	0.13846156999054576
0.6274160499476364	0.11913259758815817	0.11498306393664327	0.13846828852756332
0.627448646829307	0.1190949096462992	0.11498148210775287	0.13847496141663979
0.6274443470447952	0.11908808737978373	0.11497635185709919	0.13849121371832165
0.6274854308563305	0.11907763934655247	0.11498494605353012	0.13845198374358636
0.6274351763742624	0.11915093851641956	0.11494583496571706	0.13846805014360106
0.6275601428384214	0.11912497743158809	0.11494033783244491	0.13837454189754567
0.6275071348706811	0.11912939224361334	0.11496116515631327	0.1384023077293925
0.6275027078017644	0.11910928361396754	0.11496950703955665	0.13841850154470964
0.6273892597704572	0.11914758557610951	0.11500455082947446	0.13845860382395922
0.627420944873934	0.11913233872663755	0.11498161250396054	0.13846510389546846
0.6274524219875992	0.11909592771546464	0.1149800889982298	0.13847156129870533
0.6274482537376834	0.11908933196819692	0.11497513682389625	0.13848727747022246
0.6274879401912874	0.1190792292804324	0.11498344780699193	0.1384493827212881
0.6274393616114312	0.1191500690567776	0.11494565086187243	0.13846491846991882
0.6275601428384218	0.11912497743158791	0.11494033783244492	0.13837454189754583
0.6275088951030051	0.11912924564122214	0.11496047354465017	0.13840138571112143
0.6275046083389405	0.11910980292562029	0.11496854182449459	0.13841704691094422
0.6273948919924301	0.11914684042277207	0.11500243440063661	0.13845583318415972
0.6274255181591191	0.11913209687467	0.11498025644358614	0.13846212852262363
0.6274559498712182	0.1190968791006129	0.11497878713804624	0.13846838389012167
0.6274519054275262	0.11909049531811883	0.114974001100016	0.1384835981543378
0.6274902864427286	0.11908071588334547	0.11498204693259285	0.13844695074133256
0.6274432755984339	0.11914925594784241	0.11494547869001571	0.1384619897637071
0.6275601428384208	0.11912497743158766	0.11494033783244453	0.13837454189754586
0.6275105421887301	0.11912910846233794	0.1149598263893393	0.13840052295959138
0.6275063871265025	0.11911028896984033	0.11496763844171957	0.13841568546193772
0.6274001647903086	0.11914614282190472	0.11500045303315257	0.13845323935463355
0.627429800496882	0.11913187040906112	0.11497898665429626	0.13845934243975894
0.6274592540046458	0.11909777014572982	0.11497756784619449	0.13846540800342902
0.6274553262925894	0.11909158513222594	0.11497293716569748	0.13848015140948416
0.6274924850086654	0.11908210891159085	0.11498073423665506	0.13844467184308837
0.6274469438776219	0.11914849388333278	0.11494531732656693	0.13845924491247585
0.6275601428384208	0.11912497743158768	0.11494033783244473	0.1383745418975457
0.6275120866976313	0.1191289798266488	0.11495921953741804	0.13839971393830203
0.6275080555003938	0.11911074484411294	0.11496679113411025	0.13841440852138165
0.6274051115055767	0.11914548836236713	0.11499859419823985	0.1384508059338171
0.6274338187959083	0.1191316579067817	0.11497779515718665	0.13845672814012264
0.6274623550200797	0.11909860641482098	0.11497642350897798	0.1384626150561205
0.6274585375481535	0.1190926081692498	0.11497193842270909	0.13847691585988708
0.6274945494077926	0.11908341693071559	0.11497950164758311	0.13844253201390813
0.6274503888820101	0.11914777820291664	0.11494516578472479	0.13845666713034965
0.6275601428384209	0.11912497743158802	0.11494033783244485	0.13837454189754594
0.6275135379227164	0.11912885896017816	0.11495864933757519	0.13839895377952896
0.6275096234316203	0.11911117327296383	0.11496599483774951	0.13841320845766567
0.6274097614795705	0.11914487316224592	0.11499684687025728	0.1384485184879247
0.6274375967458701	0.11913145811503571	0.11497667492784824	0.13845427021124504
0.6274652710886777	0.11909939280821066	0.11497534742087236	0.13845998868223808
0.6274615578868935	0.11909357038427598	0.11497099905737947	0.1384738726714503
0.6274964915577087	0.1190846474918019	0.11497834204974625	0.13844051890074272
0.6274536303944218	0.1191471047968203	0.11494502319426335	0.1384542416144931
0.6275601428384208	0.11912497743158783	0.1149403378324447	0.138374541897546
0.6275149040673619	0.11912874517970212	0.11495811256662901	0.13839823818630562
0.6275110997256845	0.11911157666244698	0.11496524508063535	0.13841207853123208
0.6274141406359177	0.11914429379179811	0.11499520130784541	0.13844636426443796
0.6274411552848042	0.11913126992654367	0.1149756197577806	0.1384519550308707
0.6274680182768843	0.11910013365862995	0.11497433365303703	0.13845751441144993
0.6274644038430035	0.1190944770447433	0.11497011392735529	0.13847100518489483
0.6274983220051334	0.11908580727733313	0.11497724914602356	0.13843862157151066
0.6274566859276488	0.1191464700268622	0.11494488878481654	0.13845195526067267
0.6275601428384203	0.11912497743158759	0.1149403378324448	0.13837454189754608
0.6275161924004602	0.11912863787982422	0.11495760636856384	0.13839756335114936
0.627512492188043	0.11911195714536388	0.11496453789865596	0.13841101276793685
0.6274182719640591	0.11914374720947876	0.114993648872225	0.138444331954237
0.627444512987351	0.11913109235901104	0.11497462413927338	0.13844977051436447
0.6274706108425686	0.11910083281108369	0.11497337694402818	0.13845517940231825
0.6274670900950104	0.11909533282691429	0.1149692784674224	0.13846829861065063
0.6275000501175123	0.11908690222259499	0.11497621734339994	0.13843683031649195
0.6274595710409471	0.11914587066069059	0.11494476187194855	0.13844979642641098
0.6275601428384223	0.11912497743158762	0.11494033783244467	0.13837454189754594
