0.3941275122544073	0.22560600989614696	0.14134525871701684	0.23892121913242892
0.4009350296380903	0.2230805114162824	0.13806876510780974	0.23791569383781752
0.39718943077819613	0.22975001049665297	0.1356797080190492	0.23738085070610163
0.396193120966562	0.22840160477467675	0.13752320702297147	0.2378820672357898
0.3886590193778487	0.22997815221636037	0.1424070950476558	0.23895573335813522
0.38022060191651413	0.23797750159429804	0.14285257028106102	0.23894932620812687
0.3550127586828944	0.25223459041701024	0.15177326048579104	0.24097939041430438
0.34260519464177	0.2509381999259405	0.16432922706232037	0.24212737836996923
0.3418390749977218	0.2575377678874896	0.16519047086151822	0.23543268625327052
0.3419926748317003	0.25578657175037134	0.16594072312211414	0.23628003029581435
0.33954617612754395	0.2584813020793539	0.16499081576447747	0.23698170602862492
0.32804686338486133	0.2633384510736925	0.17048852933223688	0.2381261562092094
0.32401155419688143	0.268120920615922	0.16933721472119925	0.23853031046599743
0.33665726996148343	0.26369449828067026	0.16593284485961074	0.23371538689823576
0.34917855602962194	0.2581423878461678	0.16303411733274045	0.22964493879147005
0.3584990656497208	0.2523389058570493	0.16290258530876497	0.22625944318446514
0.368660939620811	0.24966462173665566	0.16024378448967594	0.22143065415285756
0.3764759314612015	0.24587436234252055	0.15845864917118077	0.21919105702509722
0.37720722964240655	0.24745007430553365	0.15739731120720984	0.21794538484484993
0.3825009271446557	0.24575102725671552	0.1555851634281029	0.21616288217052576
0.3851738043317943	0.245911347906552	0.1540166686097858	0.2148981791518678
0.3877025744781013	0.2449975349228542	0.1536688608000563	0.2136310297989881
0.38787790586170606	0.24446835580369206	0.15333255961248973	0.21432117872211212
0.388985107129445	0.24512316652965394	0.1522802924933268	0.21361143384757422
0.3926958432859232	0.24386369458982135	0.15106116734082092	0.21237929478343434
0.39445593150040864	0.2431919883520664	0.15092126394756666	0.21143081619995804
0.39431418489358494	0.24437977365537833	0.1504580485350944	0.2108479929159423
0.3981230758464234	0.2424266940493273	0.14966615892576474	0.20978407117848424
0.3980365848010769	0.24206258057137855	0.14948603831431523	0.21041479631322926
0.4002359862907219	0.24129908443173592	0.14889059288626677	0.20957433639127523
0.4001120478929566	0.2409806784759453	0.14873750119397464	0.21016977243712345
0.4002580352035786	0.2407244423436557	0.1485492556308087	0.21046826682195685
0.4001105624203265	0.2408236197482706	0.1483467129849868	0.210719104846416
0.3999940691756532	0.24052732459802378	0.1482103908578964	0.2112682153684265
0.3992604651148743	0.2403451377555857	0.14834426762830172	0.21205012950123825
0.3982082984338286	0.24096258661289716	0.14827890215441145	0.21255021279886263
0.39413281746458845	0.24277490212007286	0.149279627635889	0.2138126527794494
0.3906591541726069	0.24290087035578534	0.1514561173811875	0.21498385809042014
0.3888356480212749	0.24446922614551972	0.15207268109186078	0.2146224447413446
0.38767758710939826	0.24442287056827458	0.15256693504867938	0.21533260727364797
0.38595163892305623	0.24534320262497955	0.15268004577252303	0.21602511267944116
0.3814768260796556	0.24702626316925924	0.1545030609937785	0.2169938497573068
0.3790861117284669	0.24874129758101216	0.154563885230358	0.21760870546016292
0.38120176111757453	0.248003833672645	0.15399271007652793	0.2168016951332525
0.3839857933321094	0.2466598503211526	0.15339209247593885	0.21596226387079917
0.3861366988704603	0.2450284830781456	0.15362403046290618	0.215210787588488
0.3889519389290928	0.24428869582142063	0.15294790919359638	0.21381145605589041
0.3914341558445275	0.2429939803696406	0.15243504637022193	0.21313681741561008
0.39141600283307754	0.24365490544993246	0.15214865479622433	0.21278043692076562
0.3931892121335008	0.24306800075674595	0.15155058552003084	0.21219220158972257
0.394074622921939	0.2431857852628904	0.15098747468431056	0.21175211713086017
0.39491318351833926	0.24286977586212696	0.1509198709534803	0.2112971696660534
0.3949039328079966	0.24266650751605773	0.15080713682597904	0.21162242284996666
0.39530720075862147	0.24297433844945351	0.15037555260736551	0.2113429081845598
0.3968429496975548	0.24245314956127728	0.14986734339985913	0.21083655734130913
0.3975565934458308	0.24217655590980916	0.14983192747726284	0.21043492316709722
0.3974367561834151	0.24275532341169317	0.14963152773865607	0.21017639266623564
0.3992144525894489	0.2418442524625711	0.14926555759385673	0.20967573735412326
0.3991606126432045	0.24167238763827587	0.14918172950905842	0.20998527020946142
0.400235986290722	0.24129908443173598	0.14889059288626677	0.2095743363912753
0.4001733819841675	0.24113824982015053	0.14881326253983657	0.20987510565584558
0.40024718739729936	0.24100715950490634	0.14871718955332125	0.21002846354447335
0.4001719563283844	0.2410563556299602	0.14861293752859556	0.2101587505130601
0.4001112971568351	0.24090130329414677	0.14854000255386474	0.21044739699515358
0.399726771472066	0.2408011313419108	0.14860541515353315	0.21086668203249015
0.3991680478264044	0.24112185845354855	0.14856842887142888	0.21114166484861852
0.3969635860230995	0.2420903891352199	0.14909918574270675	0.21184683909897392
0.39501365846863956	0.24217255188872114	0.15028959516414073	0.2125241944784988
0.3939192339132078	0.2430556112763181	0.15065373909851698	0.2123714157119575
0.39319802558432626	0.24304971233953807	0.15095088347814464	0.2128013785979918
0.3921411908240453	0.24359084539041154	0.15103803758607084	0.21322992619947304
0.3894557189801286	0.24459030413621022	0.1521158921955326	0.21383808468812907
0.3879576193210828	0.24561959346568402	0.15218417106431967	0.21423861614891407
0.3890434622158645	0.24524161776903367	0.15189074492635649	0.21382417508874615
0.3905731864772909	0.24448673935792878	0.15156730506476382	0.21337276910001696
0.39175361332545766	0.24354275457704716	0.1517383100606224	0.21296532203687354
0.3933664762799007	0.2431191020824719	0.1513606086613731	0.21215381297625488
0.39483461055157687	0.24233918283573713	0.15106570011808618	0.21176050649460068
0.3947814555104445	0.24275599172847726	0.15090547183215777	0.21155708092892106
0.3958390738136366	0.24240281928783142	0.15055032463577492	0.21120778226275777
0.3963632001600525	0.2424849889749804	0.15020860876344475	0.21094320210152323
0.39685709606158365	0.2422961519831916	0.1501787690834179	0.2106679828718076
0.396836606349437	0.2421708668733702	0.1501124600423929	0.2108800667348005
0.397080392123773	0.24237164516135956	0.14984132003873368	0.2107066426761345
0.39804693562350285	0.24204364081138854	0.14952075301120982	0.21038867055389943
0.3984920912978862	0.2418701907254198	0.14950326477682283	0.21013445319987206
0.3984031908792456	0.2422525566430817	0.14937571984818312	0.2099685326294904
0.3995623858609102	0.24165856882215098	0.14913784502085853	0.20964120029608121
0.39952431826165863	0.24154613154680593	0.1490832632450847	0.2098462869464515
0.4002359862907225	0.2412990844317361	0.148890592886267	0.20957433639127537
0.40019410701609026	0.2411914938003627	0.1488388625981482	0.20977553658539966
0.4002434937938811	0.24110342275356905	0.14877436989876	0.20987871355379095
0.4001929984885756	0.24113612357208328	0.14870418338132846	0.2099666945580136
0.4001519967392423	0.2410311424042966	0.14865443818814864	0.21016242266831328
0.39989145837231915	0.24096217604805495	0.1486976454561568	0.21044872012346974
0.39951113563272417	0.24117879438582454	0.1486719278545809	0.21063814212687143
0.39800046454481075	0.2418396597671507	0.14903309191709363	0.21112678377094574
0.39664599640525383	0.241899533013804	0.1498523103805379	0.21160216020040495
0.39586729876444054	0.24251390439884793	0.15010999083067378	0.2115088060060385
0.3953470923444444	0.2425151517753434	0.15032176629322422	0.2118159895869891
0.39458836300221484	0.2428980133503468	0.15038883441038223	0.21212478923705727
0.39267265470655877	0.24360817243707789	0.15115343177804272	0.21256574107832152
0.3915859541270607	0.2443428558224637	0.1512108979597459	0.2128602920907308
0.3923091516452827	0.24409128837428515	0.1510153780530366	0.2125841819273969
0.39336037514797484	0.243567275448102	0.1507952201615646	0.21227712924235992
0.39417014180405185	0.2429035592923174	0.1509270288685561	0.2119992700350755
0.3952982242100497	0.24260730206702627	0.15066602522624017	0.2114284484966848
0.3963398313627653	0.24204933487125652	0.15045955515983547	0.21115127860614352
0.39628792315057476	0.24235361363481148	0.1503489895144232	0.21100947370019169
0.39704064620218155	0.24210119460590537	0.1500967591274797	0.21076140006443472
0.39741210341263866	0.24216379924472028	0.1498516380726072	0.21057245927003518
0.39776097997795845	0.242029427330367	0.1498341702160088	0.2103754224756668
0.3977409612753648	0.24193894200499808	0.14978740029603985	0.2105326964235979
0.3979152909028258	0.2420878698733326	0.1495897791571082	0.2104070600667343
0.3986202602447246	0.24184863732849304	0.14935571054766536	0.21017539187911824
0.39894339402230516	0.24172239408208362	0.1493447113693536	0.20998950052625878
0.39887356654160766	0.24200785386821258	0.14925121499913557	0.20986736459104496
0.3997335239795131	0.24156723651367873	0.14907502697137137	0.20962421253543784
0.39970418164150506	0.24148369410788348	0.14903456871263718	0.2097775555379753
0.40023598629072266	0.24129908443173617	0.14889059288626696	0.20957433639127543
0.4002045229070543	0.24121825291438587	0.14885172855739173	0.20972549562116943
0.4002416320765774	0.2411519431103658	0.14880319097846578	0.20980323383459207
0.40020363130449893	0.24117643111833628	0.14875029083165914	0.20986964674550693
0.4001726652573154	0.2410970787563671	0.14871255217447252	0.21001770381184634
0.399975653490599	0.24104450911802777	0.14874479760503106	0.2102350397863432
0.3996873814102388	0.2412080426350121	0.14872509575627152	0.21037948019847894
0.39853836533899745	0.241709589056468	0.14899880446630392	0.21075324113823163
0.39750089974969116	0.2417565450062192	0.1496232914895419	0.21111926375454798
0.3968970234855594	0.24222756436094908	0.1498225717372545	0.21105284041623837
0.39649072226304216	0.24223068436564682	0.149986980399956	0.21129161297135587
0.3958993807410306	0.24252684408704467	0.1500410383349707	0.2115327368369553
0.39441091280852236	0.24307748157832518	0.1506333702161112	0.21187823539704248
0.3935590352355751	0.24364856848155544	0.15068163401946796	0.212110762263403
0.3940995927743127	0.24346061080839757	0.1505354509543772	0.2119043454629137
0.3948996235983283	0.24305949374920097	0.15036882976205887	0.21167205289041316
0.395515074229055	0.242547811585656	0.15047550578878663	0.21146160839650335
0.3963819910696147	0.2423201673499087	0.15027634368629847	0.21102149789417868
0.3971889577651022	0.24188582559907892	0.15011761616731825	0.210807600468502
0.39714234503126117	0.24212539721755932	0.15003336994462826	0.2106988878065523
0.3977264446841904	0.24192904205731677	0.14983788622057348	0.21050662703792047
0.3980139252069643	0.24197951248680644	0.1496468215262269	0.21035974078000352
0.39828333262206794	0.2418752877056562	0.14963502724389968	0.2102063524283774
0.3982652473274963	0.24180448708011887	0.14959895183820954	0.21033131375417616
0.3984008313541252	0.24192283863257236	0.1494434940309959	0.2102328359823074
0.39895560045979067	0.24173457889201164	0.14925917644957928	0.2100506441986192
0.39920913337130026	0.24163536738878238	0.14925135080004592	0.20990414843987196
0.39915181295551255	0.24186310218348903	0.1491775652962847	0.2098075195647144
0.3998353193276364	0.24151291077835038	0.14903766191636075	0.20961410797765362
0.3998114713911091	0.24144644974389096	0.14900552208737158	0.20973655677762926
0.40023598629072243	0.24129908443173628	0.148890592886267	0.20957433639127554
0.40021078962731227	0.24123435253395034	0.14885946936110314	0.20969538847763575
0.4002405102268716	0.24118118092638047	0.14882055823380816	0.20975775061294075
0.4002100472061627	0.24120075292122983	0.14877811232969398	0.20981108754291417
0.4001851702837213	0.24113697207725515	0.1487477127472327	0.20993014489179188
0.40002677915687535	0.24109450409570493	0.1487734297285653	0.2101052870188552
0.3997946832371003	0.24122584953293946	0.14875746539974447	0.2102220018302165
0.39886761616355026	0.2416299723516682	0.14897781700622487	0.2105245944785575
0.3980269494229482	0.24166855986127964	0.14948236876001714	0.21082212195575578
0.39753391677673494	0.2420504606696493	0.14964480064115396	0.2107708219124621
0.3972007395113856	0.24205407411420812	0.1497791301549975	0.21096605621940934
0.39671640331477276	0.24229553244432706	0.1498242927973194	0.21116377144358173
0.3954994881506566	0.2427451391129102	0.1503076842940543	0.21144768844238016
0.39479917695786026	0.2432121876885916	0.15034897547258533	0.21163965988096392
0.3952302441616654	0.24306234221789128	0.1502323802579276	0.2114750333625165
0.39587575254188534	0.24273747918865898	0.15009843026279884	0.21128833800665853
0.3963718410408215	0.24232118843138942	0.1501878705274893	0.21111910000030046
0.39707564086172087	0.24213639079771304	0.15002693347709806	0.21076103486346826
0.3977341967487762	0.241780833422251	0.1498980511317171	0.21058691869725654
0.3976927423300786	0.24197838588458565	0.14983005567729046	0.21049881610804586
0.398169881524441	0.24181772833442336	0.14967049917193406	0.2103418909692026
0.39840429300466107	0.24185997607833823	0.1495139686038234	0.21022176231317793
0.3986236234652826	0.24177487220387348	0.14950529394846498	0.21009621038237938
0.3986074548469319	0.24171672680854187	0.14947594936840605	0.21019986897611995
0.39871835347527884	0.24181491545236639	0.14934782998609067	0.21011890108626477
0.39917566723480535	0.2416597281250832	0.149195826017122	0.2099687786229902
0.39938424066122014	0.2415780216909316	0.14918983143402564	0.20984790621382385
0.39933568177012774	0.2417674484055656	0.149128896623902	0.20976797320040516
0.39990281707856873	0.24147688884787855	0.14901288615574712	0.20960740791780613
0.399882738010511	0.24142171038227145	0.1489862280281034	0.20970932357911473
0.4002359862907223	0.24129908443173642	0.1488905928862669	0.20957433639127526
0.400214974626148	0.24124510407325117	0.14886463877240447	0.2096752825281969
0.4002397603081755	0.2412007254204079	0.14883216765833313	0.20972734661308504
0.400214339669525	0.24121702506087536	0.14879672588820178	0.2097719093813982
0.40019355072061774	0.24116370720339125	0.1487712761489962	0.2098714659269946
0.40006112034602775	0.24112808579957543	0.14879266197025012	0.21001813188414753
0.39986687738197274	0.24123783025876944	0.14877924414106444	0.21011604821819313
0.3990898981045873	0.24157622197547368	0.14896364807173512	0.21037023184820422
0.39838328630866726	0.24160896025665787	0.1493869101576859	0.210620843276989
0.3979667619059479	0.24193009753942527	0.14952398392958252	0.21057915662504556
0.39768445253258267	0.2419337549550652	0.14963752814437029	0.21074426436798263
0.3972743750334604	0.2421375620785286	0.14967627010608897	0.21091179278192268
0.39624526439910973	0.24251745334099709	0.15008455887891362	0.21115272338097998
0.39565080447812967	0.2429125171864812	0.15012053289357402	0.21131614544181557
0.396009068203336	0.24278800376414844	0.15002361675455161	0.21117931127796477
0.3965499950769043	0.24251505374471916	0.14991165694247804	0.2110232942358993
0.39696539823209803	0.2421641867816087	0.14998860046302936	0.21088181452326454
0.39755768661143087	0.24200867691833128	0.14985360807190445	0.21058002839833326
0.3981139215837692	0.24170771294074617	0.14974513782322268	0.21043322765226294
0.3980768750948081	0.2418757838734505	0.1496881587751998	0.21035918225654146
0.3984801401279818	0.24173984567541723	0.14955338379664745	0.21022663039995346
0.3986779977088201	0.2417761636391234	0.14942081934807597	0.21012501930398092
0.3988629106798644	0.2417042615888617	0.14941406751812722	0.2100187602131473
0.3988484010641842	0.2416549353391544	0.14938934408322532	0.21010731951343642
0.3989422059054226	0.2417388298364408	0.149280387034867	0.21003857722327002
0.3993311809739246	0.2416068336223114	0.1491510584113552	0.2099109269924091
0.39950832702258476	0.24153738478204265	0.14914623693669515	0.2098080512586782
0.3994662278446548	0.24169953463102134	0.14909434207398956	0.20973989545033564
0.3999508518232364	0.24145125385695268	0.14899525449663897	0.2096026398231719
0.3999335160443314	0.24140408339011787	0.1489724808572361	0.20968991970831474
0.40023598629072243	0.24129908443173587	0.14889059288626666	0.20957433639127504
0.4002179674381631	0.24125279280561593	0.1488683355658466	0.20966090419037486
0.400239223659683	0.24121471163423464	0.14884047546582013	0.209705589240263
0.40021741319155063	0.24122867636116194	0.1488100537089005	0.2097438567383868
0.4001995583216497	0.24118287254922474	0.14878816781210283	0.20982940131702305
0.4000857770729109	0.24115219722148748	0.1488064705814913	0.20995555512411082
0.39991877153467786	0.24124644217067484	0.1487948990024075	0.21003988729223924
0.39925005550902914	0.24153749403968705	0.14895343914625517	0.21025901130502883
0.3986406310097578	0.24156591772289043	0.14931797043668615	0.21047548083066653
0.39828007911991725	0.24184297205716518	0.14943653012008876	0.2104404187028297
0.39803518404780125	0.24184651372080657	0.14953485510153508	0.21058344712985713
0.3976796412891091	0.242022824975363	0.1495687582021395	0.21072877553338892
0.396788138649838	0.24235171362605584	0.14992213879270935	0.21093800893139764
0.3962717643618408	0.24269401396093604	0.14995396514661763	0.21108025653060544
0.3965781731857084	0.24258753822568507	0.149871068369355	0.2109632202192512
0.3970436416689112	0.24235220498233206	0.14977491087816844	0.2108292424705888
0.39740088738542667	0.24204899566516858	0.14984239727834756	0.21070771967105734
0.39791214139498027	0.2419147671691012	0.1497261595485672	0.21044693188735095
0.39839356643896773	0.2416538640360172	0.14963252622642592	0.21032004329858886
0.3983601954293095	0.24180010890171136	0.14958350152787184	0.21025619414110763
0.39870938384777793	0.2416822997757893	0.1494668496474909	0.21014146672894213
0.39888053841887783	0.24171414267020147	0.1493518891612224	0.21005342974969812
0.39904035211384553	0.24165190087747163	0.14934641932119216	0.20996132768749057
0.3990272389387498	0.24160907176354993	0.14932506291166547	0.2100386263860351
0.3991085098600813	0.24168230447813688	0.149230282465999	0.2099789031957824
0.39944691206669053	0.2415674702924743	0.14911774300163466	0.2098678746392002
0.3996008558510528	0.24150708261562612	0.14911372935309544	0.20977833218022554
0.39956370942340425	0.24164882194597478	0.14906853944384008	0.20971892918678087
0.39998678104458035	0.24143207929342664	0.1489820662974064	0.20959907336458722
0.39997153050989354	0.24139088711929385	0.14896218917569212	0.20967539319512013
0.4002359862907227	0.24129908443173617	0.148890592886267	0.20957433639127537
0.40022021397906293	0.24125856431803885	0.14887111054724342	0.2096501111556548
0.4002388206293414	0.24122521547171713	0.14884671474263725	0.20968924915630507
0.4002197224350244	0.24123743038632078	0.14882006736186942	0.2097227798167867
0.40020407587695134	0.24119728437671115	0.14880086989098826	0.20979776985535015
0.40010433971358456	0.24117034933321022	0.14881686629580884	0.20990844465739572
0.3999578724165892	0.24125293102024525	0.14880669452951087	0.20998250203365487
0.3993709394500684	0.24150826288723068	0.1489457336321074	0.21017506403059244
0.3988352033006624	0.2415333742729332	0.1492658467310395	0.2103655756953648
0.3985173722523248	0.24177698692236824	0.14937029632420848	0.2103353445010986
0.39830114550640494	0.24178035825741984	0.1494569976206791	0.21046149861549676
0.3979873448996434	0.24193570935590494	0.14948712840799902	0.21058981733645277
0.39720100023827615	0.24222566682629282	0.1497986166055826	0.2107747163298483
0.39674459490152936	0.2425276344559657	0.14982713196503186	0.2109006386774727
0.3970122160650642	0.24243464791155844	0.14975472333214326	0.21079841269123423
0.3974206815264966	0.24222782354189978	0.149670466286739	0.2106810286448649
0.3977340306933674	0.2419608760202066	0.1497305538209299	0.21057453946549748
0.39818374199753936	0.24184280892319557	0.14962850225251637	0.21034494682674745
0.39860808997702535	0.24161255500655382	0.14954613866119093	0.21023321635523018
0.39857778584594694	0.2417419904166443	0.14950312461426188	0.2101770991231471
0.39888568015846315	0.2416380449983471	0.14940030190843756	0.2100759729347522
0.39903647639483947	0.24166639214953872	0.1492988191694291	0.20999831228619337
0.3991771806921375	0.24161152450349208	0.14929425446655287	0.209917040337818
0.39916524112166096	0.24157368063868428	0.1492754596493986	0.20998561859025744
0.3992369296945181	0.24163865562342532	0.14919159174182658	0.20993282294023008
0.3995363948341501	0.2415370347404889	0.1490919836746499	0.2098345867507107
0.3996725075560095	0.24148361747591138	0.14908855640075724	0.20975531856732138
0.399639276288988	0.24160950991693944	0.14904853747106525	0.20970267632300824
0.4000146688150132	0.24141719625934463	0.14897182979745233	0.20959630512818933
0.4000010564910029	0.2413806375251644	0.1489541955871896	0.20966411039664268
0.4002359862907219	0.2412990844317357	0.14889059288626666	0.20957433639127518
0.4002219624347885	0.24126305621664718	0.1488732702818438	0.20964171106672033
0.4002385068383613	0.24123339353949094	0.14885157251283324	0.20967652710931461
0.4002215209498392	0.24124424830921312	0.14882786632435488	0.20970636441659332
0.40020759658064425	0.2412085160652845	0.14881076910706068	0.20977311824700956
0.4001188190712776	0.2411845084673073	0.14882497523185514	0.20987169722956067
0.3999883916994724	0.24125799574067858	0.1488159012535236	0.20993771130632535
0.39946541801918617	0.24148541686290453	0.14893971127756878	0.21010945384034047
0.3989874740180485	0.24150790602949465	0.14922505513623094	0.2102795648162261
0.3987033175615489	0.2417252803003963	0.1493183948488851	0.21025300728916974
0.3985097561150513	0.24172846828977174	0.14939592901113544	0.21036584658404078
0.39822893125816394	0.2418673125462652	0.1494230386669692	0.21048071752860167
0.397525559558358	0.24212657874259802	0.1497015131738479	0.2106463485251961
0.3971166519115637	0.2423967151181603	0.14972733051323697	0.2107593024570388
0.3973541769054435	0.2423141932219609	0.14966306085225634	0.21066856902033948
0.3977180667237175	0.2421297193270549	0.14958808699766374	0.21056412695156362
0.3979971134086141	0.24189128808339042	0.14964223122894332	0.21046936727905066
0.3983984992663757	0.2417859108301313	0.14955128366763804	0.2102643062358549
0.3987778671709592	0.24157986241174492	0.14947777022689582	0.2101645001903993
0.39875014265902603	0.2416959538447129	0.1494394567887704	0.21011444670749033
0.3990254735483547	0.24160295336577986	0.1493475331692858	0.21002403991657825
0.3991602364165313	0.24162849499564307	0.14925670022248816	0.20995456836533652
0.39928590783229856	0.2415794405066568	0.1492528030714369	0.20988184858960685
0.39927496098184445	0.24154554261079106	0.14923602213554313	0.2099434742718212
0.39933908676452823	0.24160393326822058	0.14916081354439775	0.2098961664228532
0.3996076496078657	0.2415127990308523	0.14907147162448148	0.20980807973680024
0.3997296315401917	0.2414649100038329	0.14906848738311085	0.20973697107286424
0.39969957164550185	0.24157814256052237	0.1490325777502256	0.2096897080437493
0.4000369431077103	0.24140530900366977	0.1489636537836439	0.2095940941049759
0.4000246516037833	0.24137244676162833	0.14894780766661417	0.20965509396797377
0.4002359862907215	0.24129908443173562	0.14889059288626663	0.20957433639127535
0.400223361922075	0.24126665159221372	0.14887499896222747	0.2096349875234838
0.40023825560184456	0.2412399413034182	0.14885546188295512	0.2096663412117813
0.4002229612995342	0.2412497084772837	0.14883411216295098	0.20969321806023006
0.4002104175968669	0.24121751562287974	0.14881870100123745	0.20975336577901535
0.40013042896162404	0.24119586159482642	0.14883147716794348	0.20984223227560606
0.40001287516535705	0.24126205880829515	0.14882328715817075	0.20990177886817635
0.3995412911403784	0.2414670698537493	0.14893487489149662	0.21005676411437543
0.39910988566325656	0.24148743190529381	0.14919226244754485	0.2102104199839039
0.3988529545687337	0.24168367008610284	0.14927662782895754	0.21018674751620528
0.3986777608240893	0.2416866786656819	0.14934674736095876	0.2102888131492709
0.39842364321442664	0.24181218660004627	0.1493713840995147	0.2103927860860125
0.39778740875515134	0.24204663608336124	0.14962317169963243	0.21054278346185387
0.3974170494068777	0.24229101131443012	0.1496467511790504	0.21064518809964036
0.3976305482696746	0.24221684223038256	0.1495889796077866	0.21056362989215602
0.39795862778707236	0.24205036078983322	0.14952144867953757	0.2104695627435549
0.39821013351551	0.2418349421933729	0.14957071574390463	0.21038420854721215
0.398572567825252	0.2417397928611503	0.14948869520271163	0.21019894411088613
0.3989155759214782	0.24155334497275335	0.14942231559577923	0.21010876350998844
0.3988900428298599	0.24165858645457197	0.149387778299805	0.21006359241576258
0.39913903756018626	0.24157444596225291	0.14930466540764178	0.209981851069918
0.3992608469012077	0.24159768657326963	0.1492224597011323	0.20991900682438924
0.39937438442082174	0.24155333219016853	0.14921907204509072	0.20985321134391757
0.3993642847313085	0.24152263523422507	0.1492039157639053	0.20990916427056008
0.39942229007965196	0.2415756531397715	0.1491357457927541	0.20986631098782163
0.3996657312153179	0.24149304387761691	0.14905475172230764	0.20978647318475618
0.39977623945839513	0.24144964642687972	0.1490521129101763	0.20972200120454876
0.39974880002981883	0.24155253255726714	0.14901954737249007	0.20967912004042452
0.40005514382995394	0.24139559571482377	0.14895697301678704	0.20959228743843372
0.40004393974791014	0.2413657511111746	0.14894258577452632	0.20964772336638737
0.40023598629072266	0.2412990844317354	0.1488905928862667	0.20957433639127526
0.4002245074352856	0.2412695944915531	0.14887641392772025	0.20962948414544016
0.400238049909846	0.24124530207924968	0.14885864618244782	0.20965800182845407
0.40022414078570756	0.24125417974752747	0.14883922680995534	0.20968245265680915
0.40021272865170854	0.2412248883104223	0.14882519902925365	0.20973718400861371
0.40013994547444237	0.24120516764168265	0.14883680674094482	0.20981808014292927
0.4000329522479551	0.2412653906300446	0.14882934379322252	0.2098723133287759
0.39960356206638215	0.24145201201466832	0.14893090555117558	0.2100135203677724
0.39921043670673845	0.24147061410540824	0.1491653259656414	0.2101536232222108
0.3989759718795874	0.24164946212670385	0.14924229095888406	0.21013227503482393
0.39881596396787483	0.24165230190648224	0.14930628981241725	0.2102254443132251
0.39858391669822163	0.24176681071446762	0.14932886561406128	0.2103204069732484
0.3980031215880963	0.2419807788735314	0.1495586335549784	0.21045746598339204
0.39766467162126223	0.24220387806479723	0.14958032841096514	0.21055112190297554
0.39785854929856035	0.24213652954565554	0.14952786401425458	0.21047705714152862
0.39815723124190616	0.2419848436215821	0.14946643312540162	0.21039149201110965
0.3983861393104869	0.2417883869488425	0.1495116267687799	0.21031384697188885
0.39871651058154733	0.24170165646470487	0.14943693883607087	0.21014489411767517
0.3990295180737027	0.24153140407169393	0.14937643165596748	0.21006264619863457
0.39900586533511245	0.24162765021828964	0.14934499399136614	0.21002149045523175
0.399233121153315	0.24155082863039504	0.14926915104900096	0.20994689916728843
0.3993442475750458	0.24157214805018112	0.14919407615280875	0.20988952822196302
0.39944778601309994	0.2415316723134281	0.1491910882463893	0.20982945342708217
0.3994384159461497	0.24150362403436285	0.14917727017023194	0.20988068984925676
0.39949136673101066	0.24155217454916025	0.14911493416598168	0.20984152455384683
0.3997139836175421	0.2414766319076036	0.14904086134495376	0.20976852312989996
0.3998149904337629	0.2414369559116771	0.14903849876859251	0.20970955488596693
0.399789752267403	0.24153122804052432	0.14900870762765106	0.20967031206442177
0.4000702948345112	0.24138750998714925	0.1489514116809388	0.20959078349740007
0.4000600015635581	0.2413601754423848	0.1489382373484936	0.20964158564556243
0.4002359862907222	0.24129908443173534	0.14889059288626663	0.20957433639127504
0.4002254623585511	0.24127204775269362	0.1488775934719243	0.20962489641682952
0.4002378784070568	0.2412497718107978	0.14886130120186086	0.20965104858028236
0.4002251243917223	0.24125790846297057	0.1488434920550044	0.20967347509030207
0.4002146565628897	0.24123103869962811	0.14883061976641815	0.2097236849710629
0.40014788797157347	0.241212934483578	0.14884125481126995	0.20979792273357822
0.40004971429115305	0.24126817231607053	0.1488344003833857	0.20984771300939034
0.39965558770307497	0.241439431606513	0.14892758927710215	0.2099773914133093
0.39929450301770075	0.24145655348161033	0.14914280555625012	0.21010613794443722
0.3990788925555505	0.24162084252609492	0.14921356350700002	0.2100867014113533
0.3989316490889932	0.24162352629803563	0.14927242418335177	0.21017240042961874
0.39871814600280187	0.24172880833614813	0.14929325631301532	0.21025978934803435
0.3981839042746541	0.24192558585066082	0.1495045460024825	0.21038596387220113
0.39787230324091566	0.24213081669672795	0.1495246328145343	0.2104722472478197
0.39804985677712995	0.24206914205496122	0.14947658411364617	0.21040441705426072
0.39832397368034694	0.24192983706390025	0.14942024345736873	0.21032594579838332
0.3985340070222242	0.24174927450098901	0.1494619843604621	0.21025473411632326
0.3988375254174695	0.24166959462375465	0.14939342648172813	0.21009945347704687
0.3991253575435538	0.241512949054964	0.14933783757660046	0.210023855824881
0.39910333353053074	0.24160161642531502	0.14930898968178308	0.209986060362371
0.3993123407963717	0.24153094252127025	0.1492392474842943	0.20991746919806187
0.39941450623822833	0.241550633805641	0.14917016519298332	0.2098646947631475
0.3995096629555406	0.2415134132143426	0.14916749813277216	0.20980942569734376
0.3995009268467783	0.24148759290323732	0.14915480136189083	0.20985667888809142
0.39954963293731405	0.24153237034068475	0.14909737954346924	0.2098206171785312
0.39975470726900825	0.24146278067293056	0.1490291382625784	0.20975337379548203
0.3998477167563891	0.24142623840351374	0.14902700123116258	0.20969904360893382
0.3998243535732985	0.24151322745876785	0.14899954892597456	0.20966287004195863
0.40008310338404046	0.24138067437152944	0.14894671016788752	0.20958951207654206
0.40007358407540716	0.24135546043450082	0.14893456014602727	0.2096363953440627
0.40023598629072143	0.24129908443173612	0.14889059288626671	0.20957433639127457
0.40022627060421095	0.24127412418934827	0.1488785918364194	0.20962101337001987
0.4002377332233743	0.24125355560980136	0.14886354877751565	0.20964516238930658
0.40022595717188525	0.24126106541830877	0.14884710326865988	0.2096658741411435
0.4002162893174053	0.24123624748509404	0.1488352106070969	0.20971225259040352
0.4001546171343992	0.24121951482511145	0.14884502337284194	0.20978084466764646
0.40006391972747607	0.24127052972937818	0.148838685724303	0.20982686481884208
0.39969970431084717	0.24142876369416258	0.14892477714885374	0.20994675484613676
0.3993658313268542	0.2414446233694212	0.1491236975127907	0.21006584779093274
0.39916626932829996	0.24159654528634955	0.149189174704542	0.21004801068080808
0.39902990504767366	0.2415990860332275	0.14924366076228274	0.21012734815681475
0.39883220230471267	0.2416965172448055	0.14926299864905979	0.21020828180142023
0.3983376056402971	0.24187866076535083	0.14945856078762979	0.21032517280672006
0.398048908072	0.24206867302810955	0.1494772599172071	0.2104051589826822
0.3982126689718954	0.2420117919432905	0.14943294236358048	0.21034259672123234
0.3984659527503719	0.24188299967818153	0.1493809135412818	0.21027013403016268
0.39865998486123666	0.2417159521373629	0.14941969085872475	0.21020437214267484
0.39894068633700364	0.2416422630245393	0.14935633371991208	0.21006071691854325
0.39920709097061025	0.24149721032262225	0.14930492393073355	0.20999077477603256
0.39918648999537976	0.2415794053011518	0.1492782720606002	0.20995583264286666
0.39937996106762425	0.24151396814419362	0.14921372241148637	0.20989234837669404
0.3994745023375794	0.24153226211032858	0.1491497468665262	0.20984348868556343
0.3995625318786737	0.24149781226723827	0.14914734225799375	0.209792313596093
0.3995543511344413	0.24147389206463055	0.1491355986297566	0.20983615817117077
0.3995994422723145	0.24151544055381582	0.149082372833251	0.2098027443406175
0.3997895367025703	0.2414509342239902	0.14901911194362014	0.2097404171298183
0.39987572207466116	0.2414170669719842	0.1490171622951242	0.20969004865822924
0.39985397500231257	0.24149781755035757	0.14899170835971431	0.20965649908761527
0.4000940737382108	0.24137481975667624	0.148942683383809	0.20958842312130335
0.4000852202105617	0.24135142108819965	0.1489314098874186	0.20963194881381908
0.40023598629072143	0.2412990844317359	0.14889059288626663	0.20957433639127462
0.40022696355675574	0.24127590443034733	0.14887944778808243	0.20961768422481325
0.4002376087320791	0.24125680012066106	0.14886547601614827	0.20964011513110895
0.40022667134720563	0.24126377275895491	0.14885020017199338	0.20965935572184477
0.40021768987687495	0.2412407155259089	0.14883914858144107	0.20970244601577337
0.4001603912653829	0.24122516125616497	0.14884825708388608	0.20976619039456412
0.4000761120253097	0.2412725530593567	0.14884236376358292	0.20980897115174932
0.3997375880035629	0.2414196029736558	0.14892236232577868	0.20992044669699844
0.3994271128952786	0.24143437363835216	0.14910728087700365	0.21003123258936468
0.39924137630378403	0.24157565996256686	0.14916821067565078	0.21001475305799552
0.39911439474299515	0.2415780699996468	0.14921892727318778	0.2100886079841693
0.39893031539050816	0.2416687399228843	0.14923697051444682	0.21016397417215907
0.398469886851998	0.24183827526117588	0.14941898417153746	0.21027285371528692
0.3982009572087493	0.2420151700117447	0.14943647389737	0.21034739888213538
0.3983529111636085	0.24196239204810696	0.14939535049469016	0.2102893462935918
0.39858830364320674	0.24184263741943762	0.1493470208671889	0.2102220380701649
0.3987685985992451	0.2416872227473286	0.14938322686352365	0.21016095178990277
0.3990296730145682	0.24161868676894116	0.14932433747898494	0.2100273027375044
0.3992776191561013	0.24148362929128747	0.14927652258009314	0.20996222897251682
0.39925827132422304	0.24156023248024922	0.1492517563630964	0.20992973983243085
0.39943835575832565	0.24149930961826743	0.14919167977982942	0.20987065484357578
0.3995263313823146	0.24151639128825175	0.14913210801388702	0.20982516931554523
0.39960822639009164	0.24148432839782458	0.149129921573107	0.2097775236389759
0.3996005358193129	0.24146204784655567	0.14911899808773563	0.20981841824639547
0.39964251133130624	0.24150080173180857	0.14906939685419593	0.2097872900826869
0.39981966522712875	0.24144068668358104	0.1490104388712768	0.2097292092180122
0.3998999592198301	0.24140912957540647	0.14900864720814216	0.2096822639966199
0.3998796194531436	0.24148447657891584	0.1489849204692361	0.20965098349870367
0.4001035751112936	0.24136974910178924	0.14893919580471546	0.20958747998219968
0.40009530037094254	0.24134792188008616	0.14892868087889408	0.20962809687007447
0.4002359862907208	0.24129908443173514	0.1488905928862664	0.20957433639127498
0.400227564243015	0.24127744763314693	0.1488801897702084	0.2096147983536277
0.40023750080366394	0.24125961296732623	0.14886714684635785	0.2096357393826522
0.40022729057094336	0.24126612015118193	0.14885288533347327	0.2096537039444003
0.4002189044840987	0.24124459034504686	0.14884256371102284	0.20969394145983178
0.4001654002063073	0.24123005942000153	0.14885106226229763	0.2097534781113906
0.40008669080914105	0.24127430862428367	0.14884555505557637	0.20979344551099868
0.39977047253230324	0.24141165110953983	0.14892026616478965	0.2098976101933647
0.3994803307245239	0.2414254726188148	0.14909302442530722	0.21000117223135384
0.39930662838791287	0.24155751503134568	0.14914999736632747	0.2099858592144133
0.39918782187925306	0.24155980567574775	0.1491974322344498	0.21005494021054708
0.3990156097848172	0.2416445917694596	0.14921434301314196	0.21012545543257832
0.39858493395959177	0.2418031513355303	0.14938456374892964	0.2102273509559463
0.3983332391960676	0.24196862265551494	0.14940099026441933	0.21029714788399573
0.3984749723233318	0.24191939636740276	0.14936263204486525	0.21024299926439838
0.3986948335001943	0.24180749435221366	0.14931751081098568	0.21018016133660536
0.39886320683105564	0.24166219794989355	0.14935146482150174	0.21012313039754618
0.39910721895637086	0.24159814163797833	0.14929645489358262	0.20999818451206687
0.3993390985538888	0.241471790710413	0.14925176513139926	0.209937345604297
0.3993208621384975	0.2415435144493673	0.14922863560001579	0.20990698781211753
0.39948929230020486	0.24148652327398346	0.14917245242513294	0.20985173200067744
0.3995715547294053	0.24150254322874987	0.14911671726224957	0.20980918477959445
0.3996481140698346	0.24147255805061668	0.1491147146986243	0.20976461318092335
0.3996408590945432	0.2414517068067358	0.14910450436050232	0.2098029297382178
0.3996801215670239	0.24148801831932604	0.14905806552626924	0.20977379458737816
0.3998459843950767	0.24143173481019709	0.14900286239513058	0.20971941839959407
0.3999211407752657	0.24140219285062156	0.14900120562268662	0.2096754607514242
0.3999020374665894	0.24147281409180923	0.14897898659211706	0.2096461618494822
0.4001118840433234	0.2413653148240878	0.1489361459236737	0.2095866552089143
0.40010411709323707	0.2413448612595186	0.14892629392180395	0.20962472772543897
0.4002359862907213	0.24129908443173623	0.14889059288626696	0.20957433639127487
0.40022808994055464	0.24127879818495798	0.14888083912446348	0.20961227275002353
0.4002374063388911	0.2412620749224149	0.14886860924705944	0.20963190949163182
0.4002278325988713	0.24126817490469085	0.1488552357480763	0.20964875674835937
0.40021996786697295	0.24124798273086936	0.14884555364081198	0.20968649576134551
0.400169786609897	0.2412343488144594	0.14885351879848732	0.20974234577715473
0.40009595649628127	0.2412758462788596	0.148848350226899	0.20977984699796023
0.3997992861888147	0.241404683629996	0.14891842949371503	0.20987760068747202
0.39952697816477134	0.24141767053851704	0.1490805281061586	0.209974823190552
0.39936384577658435	0.24154160434288244	0.14913402671937456	0.20996052316115763
0.3992522256514225	0.24154378583056374	0.1491785786927182	0.21002540982529339
0.3990904436252516	0.24162340515954475	0.1491944905616916	0.21009166065351098
0.39868590897164224	0.241772323625999	0.14935435349279821	0.21018741390955906
0.39844937350212717	0.24192775734177147	0.14936983812365834	0.21025303103244186
0.39858217272091045	0.24188163534599227	0.14933389701697103	0.2102022949161233
0.3987884246620118	0.24177661962296523	0.14929158492951514	0.21014337078550593
0.39894635444713555	0.24164020459678234	0.14932355035755637	0.21008989059852534
0.39917539724632123	0.24158007838588053	0.1492719405612022	0.20997258380659392
0.3993931656278954	0.24146137945963161	0.14922999258874414	0.2099154623237261
0.39937592130178157	0.2415288081254008	0.14920829699467072	0.20988697357814498
0.39953411375377074	0.24147527196960555	0.14915553337342752	0.20983508090319364
0.3996113595838901	0.24149035439203567	0.14910317057301067	0.20979511545106216
0.3996832356812442	0.24146219410958297	0.1491013248514393	0.2097532453577315
0.39967637020732005	0.2414425998621939	0.14909174030848982	0.20978928962199464
0.39971324895370064	0.24147675859068368	0.14904808480494183	0.20976190765067143
0.39986917371375935	0.2414238474846891	0.14899618690598945	0.2097107918955598
0.39993981030687303	0.2413960787858162	0.1489946465710968	0.20966946433621306
0.3999218019033403	0.24146253207064322	0.14897375509650418	0.20964191092951032
0.40011921176021953	0.2413614041973642	0.14893345620798445	0.20958592783443009
0.4001118939062554	0.24134216163112146	0.14892418850004274	0.20962175596257807
0.4002359862907214	0.2412990844317352	0.1488905928862664	0.2095743363912748
